0 13.184096 
4.7250604594921 10.21496 
8.5710399032648 5.140192 
13.845525997582 1.73304 
19.339782345828 1.146776 
24.72415356711 2.8421709430404e-14 
30.108524788392 14.405808 
34.503929866989 22.9158 
39.998186215236 42.778016 
44.613361547763 53.019192 
49.338422007255 70.399008 
53.843712212817 60.232536 
59.337968561064 43.916208 
64.612454655381 32.406224 
69.337515114873 31.52648 
75.491082224909 40.736184 
79.996372430472 76.341688 
84.611547762999 106.462248 
89.336608222491 107.855176 
94.611094316808 97.123784 
99.3361547763 86.422552 
104.72052599758 84.7264 
109.33570133011 90.652144 
115.48926844015 110.79392 
120.87363966143 144.839688 
125.48881499395 172.865056 
130.10399032648 181.010344 
134.71916565901 192.946976 
139.33434099154 199.536704 
144.60882708585 198.833744 
149.33388754534 198.877128 
155.48745465538 200.89924 
160.7619407497 194.040392 
165.37711608222 179.423696 
170.10217654172 174.229216 
174.60746674728 167.477088 
179.33252720677 159.63456 
184.60701330109 143.773648 
189.33207376058 158.242096 
195.48564087062 163.26884 
200.76012696493 166.518464 
205.48518742443 165.397208 
210.10036275695 184.22076 
214.60565296252 185.03508 
219.33071342201 190.00684 
224.60519951632 181.780816 
229.33025997582 183.157736 
235.48382708585 192.402936 
240.09900241838 193.516536 
244.82406287787 188.35036 
249.32935308343 196.233024 
254.71372430472 186.14288 
260.098095526 160.0046 
265.48246674728 143.80636 
270.09764207981 133.381208 
275.48201330109 126.614464 
280.09718863362 129.39568 
285.4815598549 140.295736 
290.09673518742 155.20336 
295.48110640871 164.029336 
300.09628174123 174.25172 
305.48065296252 184.947848 
310.09582829504 189.79688 
315.48019951632 194.893688 
320.09537484885 204.093184 
325.47974607013 205.8246 
330.09492140266 206.43244 
335.47929262394 215.778792 
340.09446795647 212.205528 
345.47883917775 206.644256 
350.09401451028 204.881288 
355.47838573156 212.040344 
360.09356106409 201.217776 
365.58781741233 188.219744 
370.0931076179 183.334752 
375.47747883918 170.437176 
380.0926541717 156.965864 
385.47702539299 145.603432 
390.09220072551 152.727224 
395.4765719468 155.720256 
400.09174727932 162.692552 
406.24531438936 161.146968 
410.86048972189 165.003968 
415.47566505441 158.422592 
420.8600362757 158.790312 
425.47521160822 149.987304 
430.8595828295 154.889232 
435.47475816203 151.239408 
440.08993349456 152.644168 
446.24350060459 148.78856 
450.85867593712 156.43296 
455.47385126965 142.085848 
460.85822249093 128.37488 
466.24259371221 122.404824 
470.85776904474 118.89304 
475.47294437727 117.693136 
480.85731559855 125.272112 
487.01088270859 142.360768 
491.73594316808 151.546344 
496.24123337364 153.658936 
500.85640870617 147.175 
506.24077992745 152.536752 
510.85595525998 149.120088 
516.24032648126 144.52092 
520.85550181378 133.029496 
526.23987303507 123.600088 
528.76723095526 74.55784 
530.85504836759 113.426656 
535.47022370012 110.364952 
540.8545949214 105.939552 
544.59068923821 128.71476 
545.90931076179 152.301968 
546.78839177751 153.44596 
550.85414147521 178.359048 
555.46931680774 206.244984 
560.85368802902 232 
566.2380592503 223.242696 
571.73231559855 219.184784 
576.23760580411 204.716568 
580.85278113664 184.757144 
586.23715235792 165.270072 
590.85232769045 164.565256 
596.23669891173 166.582032 
600.85187424426 163.575544 
607.00544135429 165.35684 
611.62061668682 166.930728 
616.23579201935 161.707944 
620.85096735187 159.959824 
626.23533857316 153.682136 
631.61970979444 134.653728 
636.23488512696 110.74288 
640.85006045949 89.809288 
647.00362756953 66.416264 
651.61880290206 48.160416 
656.23397823458 37.82064 
661.61834945586 34.743392 
667.00272067715 39.1442 
671.61789600967 39.284328 
676.2330713422 52.690912 
680.84824667473 60.77472 
687.00181378476 77.181528 
691.61698911729 88.839992 
696.23216444982 99.891544 
701.6165356711 93.057984 
707.00090689238 96.588792 
711.61608222491 91.562744 
716.23125755744 94.484088 
721.61562877872 95.52948 
727 104.718536