 5.6862745098039 10.910976 
 9.3820091519074 8.45376 
 12.390165255945 4.253952 
 16.51563648434 1.43424 
 20.813002347251 0.94905599999998 
 25.024420892904 0 
 29.235839438557 11.922048 
 32.673732128885 18.9648 
 36.971097991796 35.402496 
 40.580885316642 43.877952 
 44.276619958745 58.261248 
 47.800459966332 49.847616 
 52.097825829243 36.344448 
 56.223297057638 26.818944 
 59.919031699742 26.09088 
 64.732081466202 33.712704 
 68.255921473789 63.179328 
 71.865708798634 88.106688 
 75.561443440738 89.259456 
 79.686914669132 80.378304 
 83.382649311236 71.522112 
 87.594067856889 70.1184 
 91.203855181734 75.022464 
 96.016904948195 91.69152 
 100.22832349385 119.867328 
 103.83811081869 143.060736 
 107.44789814354 149.801664 
 111.05768546838 159.680256 
 114.66747279323 165.133824 
 118.79294402162 164.552064 
 122.48867866373 164.587968 
 127.30172843019 166.26144 
 131.42719965858 160.585152 
 135.03698698343 148.488576 
 138.73272162553 144.189696 
 142.25656163312 138.601728 
 145.95229627522 132.11136 
 150.07776750362 118.985088 
 153.77350214572 130.958976 
 158.58655191218 135.11904 
 162.71202314057 137.808384 
 166.40775778268 136.880448 
 170.01754510752 152.45856 
 173.54138511511 153.13248 
 177.23711975721 157.24704 
 181.36259098561 150.439296 
 185.05832562771 151.578816 
 189.87137539417 159.230016 
 193.48116271902 160.151616 
 197.17689736112 155.87616 
 200.70073736871 162.399744 
 204.91215591436 154.04928 
 209.12357446001 132.4176 
 213.33499300567 119.01216 
 216.94478033051 110.384448 
 221.15619887616 104.784384 
 224.76598620101 107.08608 
 228.97740474666 116.106816 
 232.58719207151 128.44416 
 236.79861061716 135.748416 
 240.40839794201 144.20832 
 244.61981648766 153.060288 
 248.2296038125 157.07328 
 252.44102235816 161.291328 
 256.050809683 168.904704 
 260.26222822866 170.3376 
 263.8720155535 170.84064 
 268.08343409915 178.575552 
 271.693221424 175.618368 
 275.90463996965 171.015936 
 279.5144272945 169.556928 
 283.72584584015 175.481664 
 287.335633165 166.525056 
 291.63299902791 155.768064 
 295.15683903549 151.725312 
 299.36825758115 141.051456 
 302.97804490599 129.902784 
 307.18946345164 120.499392 
 310.79925077649 126.394944 
 315.01066932214 128.871936 
 318.62045664699 134.642112 
 323.43350641345 133.363008 
 327.04329373829 136.555008 
 330.65308106314 131.108352 
 334.86449960879 131.412672 
 338.47428693364 124.127424 
 342.68570547929 128.184192 
 346.29549280413 125.163648 
 349.90528012898 126.326208 
 354.71832989544 123.13536 
 358.32811722029 129.46176 
 361.93790454513 117.588288 
 366.14932309078 106.24128 
 370.36074163644 101.300544 
 373.97052896128 98.39424 
 377.58031628613 97.401216 
 381.79173483178 103.673472 
 386.60478459824 117.815808 
 390.30051924034 125.417664 
 393.82435924793 127.166016 
 397.43414657278 121.8 
 401.64556511843 126.237312 
 405.25535244327 123.409728 
 409.46677098893 119.60352 
 413.07655831377 110.093376 
 417.28797685943 102.289728 
 419.26476515636 61.70304 
 420.89776418427 93.870336 
 424.50755150912 91.336512 
 428.71897005477 87.674112 
 431.64117884155 106.52256 
 432.67254664865 126.043008 
 433.36012518671 126.98976 
 436.54017592527 147.607488 
 440.14996325011 170.685504 
 444.36138179577 192 
 448.57280034142 184.752576 
 452.87016620433 181.394304 
 456.39400621192 169.420608 
 460.00379353676 152.902464 
 464.21521208241 136.775232 
 467.82499940726 136.191936 
 472.03641795291 137.860992 
 475.64620527776 135.372864 
 480.45925504422 136.84704 
 484.06904236906 138.149568 
 487.67882969391 133.827264 
 491.28861701875 132.380544 
 495.50003556441 127.185216 
 499.71145411006 111.437568 
 503.32124143491 91.64928 
 506.93102875975 74.324928 
 511.74407852621 54.965184 
 515.35386585106 39.856896 
 518.9636531759 31.29984 
 523.17507172155 28.753152 
 527.38649026721 32.3952 
 530.99627759205 32.511168 
 534.6060649169 43.606272 
 538.21585224174 50.29632 
 543.0289020082 63.874368 
 546.63868933305 73.522752 
 550.24847665789 82.668864 
 554.45989520355 77.013504 
 558.6713137492 79.935552 
 562.28110107405 75.776064 
 565.89088839889 78.193728 
 570.10230694454 79.05888 
 574.3137254902 86.663616 